229372
219177
171932
198127
199555
217870
241104
179596
188765
239041
200140
175419
209530
203589
179848
179825
215443
243057
228971
163141
230966
212672
217777
170346
232251
198365
222837
202292
226483
224161
211596
194308
226676
220521
190483
192019
200751
248947
157945
163581
214135
212819
235035
220682
216775
204962
246397
241607
245515
177421
181350
191702
156726
195931
201897
165910
193901
160292
175205
188824
194664
216239
231157
222028
222422
189245
244123
173770
165066
237823
241839
213564
193531
160007
164234
180095
217347
203853
156539
238720
201174
182153
175705
206821
223520
166000
244260
195777
245275
183618
184853
198530
156816
244311
214969
163531
168511
215825
239972
196231
192146
169773
245882
234985
162248
184566
163115
229849
197646
236784
155762
202439
185996
192811
186726
167210
245553
191380
168000
196932
214042
173285
175023
169223
179349
245100
188126
208073
245730
232904
182169
157811
185188
236942
199737
189375
203973
169513
204959
156336
248691
244409
191344
194061
190546
241225
207239
232367
225070
200305
160610
164939
166164
232937
236501
157857
243546
205394
173781
233240
217344
180452
185585
220594
227735
183370
190530
176580
215841
174509
225040
185326
192604
215939
165439
159766
167007
159371
201493
236240
233453
169949
178159
180888
220480
197020
215968
161735
238311
188605
170431
173445
226192
164660
181037
248544
171751
223691
188942
208026
186128
243796
231732
170223
234334
188437
222443
188991
218072
189234
194855
236833
221761
190928
233015
177957
205811
185434
239152
190120
183641
233971
240019
236437
236051
242346
178146
189544
169469
218957
186700
163015
209625
225828
227632
170412
238133
229632
207624
162415
157072
189239
179490
220165
165469
160919
212042
173509
178118
204101
162204
162887
216031
221687
224560
223608
212602
179784
155473
189824
187337
165436
170830
224502
240934
225808
230214
235923
189327
201083
213821
215435
172721
188017
193000
221057
223378
234450
238354
247793
156631
225474
220113
241205
172860
165595
201318
156192
237331
181708
232607
184007
218571
225172
206009
160556
176088
198040
201341
207401
191100
215993
210821
170291
173876
234526
172681
246164
170732
232920
158917
247641
162466
198032
174528
206760
235656
222085
231498
180394
234238
205915
197620
172298
221786
181549
221692
167020
211789
186344
198024
248528
240271
247851
244288
171971
203496
221697
242454
174427
197841
192582
169928
219389
156228
172533
239608
207970
248761
212763
234662
239799
202551
209215
248197
188405
203872
225033
162848
163817
158869
193756
214078
183584
240201
162268
194682
194790
191514
205569
188206
236320
182328
160607
158380
175119
184521
202688
163111
235286
161965
188195
232412
240279
194737
212410
211751
184656
157293
222335
177889
219776
207558
234748
220393
163906
181785
242783
231145
233576
200531
208586
219103
209435
156563
157946
176047
217126
165403
185377
242913
239605
233266
202854
175464
202606
206134
199937
195014
198827
249099
204563
197350
162917
203785
190046
202262
190444
247345
207872
236775
238529
173607
211707
166521
179088
244503
167982
246342
189580
185453
163787
206714
208728
167780
218069
229477
160037
181087
207140
239909
200184
216600
169667
181702
199502
235848
240261
214833
228856
230525
166549
158761
248169
210553
157040
159301
240047
182750
225074
209688
155523
185391
230285
241155
164607
178927
180083
245592
164180
194285
193968
238067
244722
171065
190719
182027
164749
170854
219953
240729
159152
225984
166554
172794
228567
181408
161829
157457
169687
185058
176455
231670
233883
227659
200653
192315
198695
170976
234156
246121
215770
199189
202078
175527
213385
224096
206468
189187
248501
167753
236962
180323
234022
243888
214581
165779
235501
213648
192827
165297
232971
209694
187289
223856
199806
210948
187967
192885
182107
219932
220139
158236
237880
204064
227482
171184
216067
227917
191955
210831
201369
212562
184019
156724
181247
228663
188832
186906
169349
156196
156947
204309
186868
201456
193237
222302
200732
233807
156307
226561
193743
158914
214961
203033
204088
245242
162928
161293
247728
221444
180025
214687
168804
176313
241458
198907
228218
175484
197336
165453
161098
177358
196946
204580
249041
230147
171308
185646
245128
247622
172924
237720
160878
166114
236374
175937
184744
246141
171711
160196
182898
168936
173249
186394
244958
182601
172542
159708
205842
182897
189446
201606
206574
187364
231399
239717
173213
194777
190744
191361
197498
178232
219651
176452
161885
176271
221965
180489
200822
187869
156717
157390
179965
165914
190723
209175
236949
223399
203720
243896
192266
230160
176896
174996
192979
230522
160391
219976
179421
160750
230557
208330
235128
229840
174714
156133
199124
223352
181943
202554
163730
208710
210970
222068
247527
205700
220978
222122
211785
179241
219587
202110
178025
161451
212871
169716
210805
184072
228763
234118
166161
229900
229826
179482
197679
180755
182875
204605
242255
213175
233435
161278
206980
176157
222333
202306
169350
186633
212106
239630
228325
161913
171845
191546
194384
170903
173664
173098
188752
165006
176736
239326
156951
209328
224458
177281
240898
207351
235004
166640
232509
177580
192296
244053
161140
167076
194508
181970
193868
229443
227664
159446
179298
217529
228459
166988
214470
173762
184436
215097
162911
207123
180480
184406
172507
227506
186967
191543
162499
177322
229400
156939
167642
211075
174352
176093
228321
225709
175737
199481
202048
222460
158733
186629
211321
238407
232515
242062
158194
217154
199295
188471
227278
228206
232210
227774
207106
163408
163175
161321
171944
208978
162056
170792
210914
220129
158354
246302
196670
177537
166743
162798
203066
170459
210751
216797
218411
232923
167268
205000
236224
205943
200147
211375
243505
202843
193877
191015
240072
192778
165162
225153
190248
169911
213137
230562
202328
227744
161243
228496
168390
236912
179533
190367
198064
218772
224103
234667
247408
169943
199618
189000
193347
198296
203712
160945
240927
207768
192724
178093
203675
216587
243753
223880
215452
168912
182214
226876
222769
225774
201452
180411
197719
210145
168150
210792
166710
169222
173111
176645
198842
178304
161282
175857
159917
178622
248022
231952
168475
245756
171076
199790
206953
211318
217385
168747
198701
205687
211782
235385
174467
156417
159557
165214
188215
200556
226181
238956
168797
169175
231320
248102
157892
218058
182970
181635
220873
205989
245203
205991
204048
212910
182599
216951
194815
182768
191346
157773
236418
239720
163139
205019
210734
217498
168697
243915
170615
166770
198850
243559
228260
203177
202219
231224
226772
165974
180220
215356
178447
224960
195983
176419
163216
170625
192248
193676
227456
190539
195944
203905
202924
161057
197796
231409
232345
245360
163556
163482
216385
246463
157318
172918
157297
158371
238785
157008
188200
240979
170861
196104
169863
221700
203592
172695
199656
202552
247555
165420
175606
179168
184145
195997
215870
239693
169774
159236
201242
210399
180859
178263
183731
196723
197131
194930
159794
184959
204576
201336
226112
206720
223468
184954
241577
173315
217320
213631
178631
198459
185261
247969
208660
198725
169018
201844
233536
187048
213831
227217
163654
170467
204396
209211
241782
199831
238718
161126
228690
239506
161334
230440
234565
162942
190002
201283
212655
179626
189402
241767
202560
234466
186892
200317
241994
215109
167428
165731
170476
207812
216201
231144
185081
215024
161232
226519
208961
228190
235367
204499
217942
222405
227368
169329
210483
157848
185168
180438
185856
212666
207909
246769
162226
195269
195098
213929
244320
169986
184529
196967
220475
160844
205716
209630
177645
202000
176394
235265
238861
239810
201814
219090
158011
221690
160690
241628
168068
183069
211084
236002
248842
209381
190548
162969
245192
169605
186263
216255
226503
162209
165555
197422
206070
226716
239127
243276
245243
170211
157584
220695
189148
234537
196153
171183
187181
217534
228293
165514
203220
211529
244962
170477
176597
182201
208671
218757
204497
196296
171108
240919
179527
202467
176106
245395
180459
184957
190337
203270
212693
215038
237155
206383
238601
163081
163303
186501
192394
199781
163449
200406
197867
164753
181915
183328
230221
206610
172931
190187
220902
229165
233524
180563
229116
238578
198408
165164
216465
234575
160222
167878
238180
179064
189417
194342
226583
201249
231155
161596
197660
193161
224771
226253
183397
219652
180629
186086
220678
166594
216290
242137
185427
164357
177346
179902
183172
191044
202842
205872
243970
159244
173376
247675
200357
161470
214452
204292
218979
158101
159163
163414
209819
236107
239185
206979
166653
186808
215100
169874
188671
196567
222474
240473
198577
221843
192222
170563
199852
158493
165935
215297
226600
235661
244824
241329
229200
235281
226440
163827
179146
190069
203695
169644
186448
187204
190544
190717
246091
171974
207396
229942
214222
197532
222287
198924
203069
218329
164432
209830
212300
222590
240512
243209
247435
215187
232223
246020
221225
232294
171936
243185
170728
171577
178328
221827
185388
176301
182785
200960
194763
238788
191055
204778
159550
167759
207518
223665
171035
206913
245004
190681
163837
217583
177269
181875
244115
193405
205996
156078
159984
228360
236284
246404
242383
236250
180458
190434
248735
193011
220650
233646
200396
197983
166068
215252
193209
231688
157514
192252
166991
192056
238988
158916
185888
188202
213244
223280
166520
242372
179035
196641
208453
159803
212999
244455
207582
177374
157808
201781
241421
196107
181175
241655
209835
170416
177262
226109
228396
222917
192408
228021
235057
168381
234907
214995
206924
176256
212723
213025
159197
218056
226067
188766
185051
176809
225872
183670
229711
233180
233908
191304
235290
228919
226825
156942
225904
233484
238917
160424
171381
232089
234292
217891
173043
237613
159364
231375
161988
184327
187309
189418
160759
220032
189158
206758
230052
174506
172266
228409
244630
198098
202414
209685
240181
175804
191352
178801
217305
189682
244340
166970
209758
228738
237224
242578
165711
226867
238321
238803
228482
171284
178139
188949
169138
194674
218791
221938
225466
243078
181234
158561
186289
210066
212177
158619
170184
168954
165396
212861
218038
233423
235766
242100
219975
247614
157726
158909
186136
219200
237476
237073
239850
161543
196765
157022
158072
167957
173989
206849
210374
214770
223823
236027
178250
187770
189832
219326
164634
233371
241717
162556
203961
165730
169512
208077
238805
242030
169015
227601
215309
222674
242335
229943
243497
169755
165288
179506
216274
215637
179182
230945
246599
156671
157168
161731
173291
177256
179381
183060
200572
205190
209904
219171
229783
235151
238603
240789
243081
244006
227978
166002
163624
214867
240383
192988
201277
246185
176149
203590
225637
231120
231815
212159
219000
170600
177584
184152
188106
239394
159563
217740
160995
216254
168547
174753
218313
220454
171114
213751
213318
231814
184398
195915
161143
245785
199514
212272
233554
168041
172993
195910
197172
212579
223272
240749
183903
194228
182781
182099
166946
168938
178713
200428
209857
222715
161506
232638
201546
242705
175615
241056
173613
157981
241506
194577
213136
161770
201778
210662
245699
245500
168946
195696
181255
227474
163419
174609
206793
199412
201976
246299
171581
226795
168401
173473
190432
195906
224606
225897
240252
171131
231338
180770
221526
228270
166345
181542
158553
214373
247603
180090
177629
230484
240511
197609
193665
165025
174945
197533
235149
238491
169312
181339
226698
231645
200562
216649
170572
169001
184811
248341
169688
248913
238969
196651
199213
226579
159530
172250
202448
165915
173668
192518
198018
196640
242765
227588
201741
158152
158403
204541
203145
195268
201656
224562
228653
193823
181731
191888
242918
180009
226552
191479
176130
203246
183003
199678
205388
231172
240214
215392
232397
185024
202547
233188
243141
161131
244055
169111
158378
163991
159282
170859
216167
246092
186538
207765
168681
184401
172244
205521
163998
163571
184117
186432
191969
198232
203268
206106
206489
220984
224288
227947
235003
184707
248455
235359
233894
162576
178922
162540
183261
222219
221023
235180
159977
239073
170549
194659
178832
179678
226679
169837
234141
231372
222664
213269
213501
231530
230269
200253
214020
181911
236897
185022
205038
225861
187154
194925
210530
219557
228889
231121
240778
237100
192906
203398
223603
239617
175139
209577
244927
165672
185681
166635
209360
190861
216043
226448
188131
227058
204170
199547
243018
191750
165487
189655
228128
227253
185586
164895
179231
158275
174777
240188
185335
208258
221721
246834
238260
165860
229101
208060
203760
197614
211534
218938
193043
171394
190073
156216
208282
220012
215106
226250
178902
184142
246124
247245
178545
173685
177871
178166
180717
191156
194313
195248
198994
200205
200994
201597
201777
215315
217191
235032
243085
248375
210376
188028
193150
231259
238589
162832
156604
231216
165607
158591
173241
221203
163388
176930
242343
247708
199959
201096
227851
163703
158798
161518
170722
170987
187278
213334
213523
217031
223226
206691
175957
180542
214898
186407
197695
213502
214437
203795
177658
174583
175425
199216
207543
239048
186693
242472
202736
166255
210795
204641
179656
195232
224448
182031
176211
242150
228273
161875
183756
214649
228768
244715
157478
232696
241992
218972
224774
161070
240077
238017
213583
220986
162443
176768
187443
221079
242830
177792
229999
194942
235751
205163
181254
182562
214426
174079
215107
175930
225490
183125
188863
176218
159916
214443
164733
244683
191050
219731
212224
200802
175652
178427
168178
245002
237830
231676
170204
245867
220117
224158
163642
192672
206917
219778
170677
224720
247267
208735
230683
195786
196785
221460
195566
195646
163712
192939
201825
185002
175669
205261
217029
237513
177117
219979
238546
156481
198888
203786
225991
233459
198826
165989
231605
166560
227391
215094
158852
168188
156244
195706
162863
192112
206607
243972
192193
219467
193326
231381
228585
167416
167486
220362
235684
206899
213754
206476
170657
207402
241428
245646
224437
238996
216763
157038
192712
215659
216390
241362
186191
173654
175037
177125
193324
172135
190023
197806
224723
183024
210153
225315
228486
234666
245251
196243
168497
233006
182408
226064
189200
221271
195174
211212
240130
160990
170249
198940
157465
202420
216664
178185
188273
237470
159398
186317
230825
188816
229184
243051
215198
235021
225790
173742
162017
235543
158043
247380
197244
203234
204436
176096
158368
241429
205397
186884
168602
169601
173786
215104
223804
246034
173562
191844
182239
238626
161530
215031
222421
181584
186758
191213
232409
224879
242988
158614
173046
224430
163296
205128
235495
158824
160477
181959
189449
208450
211997
160748
178967
210273
213866
169663
174758
191316
172245
235792
174042
222491
190339
207512
247292
193185
205781
177253
228208
242553
165015
226135
168472
222370
189673
158117
173827
212457
224249
229659
189971
237405
162614
189057
242529
236911
240240
168991
192810
155463
158056
166168
198077
229038
214511
220890
191647
162322
222910
172893
179030
158182
216927
245376
228233
220412
195107
234588
246040
241285
172816
176589
243985
160877
219091
183295
201352
245232
159240
196994
189314
244130
169809
189232
223533
207273
237541
225042
205214
212585
217430
238336
156624
167867
178298
181228
195709
221597
218477
159926
160162
175952
214840
225888
230208
161133
210430
179822
230917
183232
221236
203512
246813
174536
160675
230808
175143
235612
221867
155314
186570
190169
164851
195882
156106
248971
155635
212309
206227
213311
169546
212250
240359
219218
192867
179009
211413
227870
167628
157288
171542
195638
202455
211895
219102
195521
201050
194314
246304
180068
216076
163549
244355
246906
182903
174050
175334
191354
248538
184528
231440
178210
225554
172428
238525
188721
181482
175975
221472
178758
225048
239698
248047
195160
244797
197916
181882
202267
206895
228180
224389
160887
191237
220348
238181
245392
247808
190635
193862
187601
197002
204513
219750
245266
241218
158224
165569
219315
206985
218424
191057
246508
199570
202317
232165
208082
232288
155597
172127
202620
213547
238834
162157
210665
223316
244487
178916
181057
207414
161377
167340
199365
206251
211346
197864
240203
156596
204071
220298
227642
204446
192999
222951
213820
246692
182561
184210
183924
187942
218661
201408
236251
226103
234408
220784
247216
170664
226222
247108
246392
185603
169172
215244
177067
211332
195852
163250
167530
173433
247122
165891
171167
167216
241011
180706
232818
218935
158128
168257
188403
190672
197599
219048
157976
201219
201911
228461
243779
162381
188673
244850
158341
212265
232834
213341
226153
166904
226785
195483
219604
219370
197799
173891
235769
164944
195962
168873
221348
158655
190322
180777
246729
227638
197151
199632
164829
176911
178064
204091
212269
223474
231549
232351
238952
181995
218970
171726
206045
189141
179991
192176
205804
185644
166308
200053
233129
225430
207782
245468
206141
219728
174021
188823
216462
191763
186607
204247
232488
213310
221762
158844
164942
218638
224223
236258
213499
155409
213694
183937
208581
210422
242236
224624
237005
241623
158263
176399
191272
237646
158343
160221
175470
228416
158238
190996
205272
216105
227123
191220
227695
197061
226933
240175
202561
227997
240484
217235
226426
231201
221040
188489
222712
189837
241262
243521
194750
163997
169622
208383
187545
211270
189462
216357
242476
184586
198875
160521
186866
209145
210271
180708
205408
192985
201989
241374
237989
230739
247219
205507
225608
158847
213211
167174
215833
223517
217195
172470
196627
179589
158052
199243
197928
213448
215617
221463
190609
167678
232738
174025
231993
235365
198923
224488
170706
200757
201850
210986
223554
187493
222485
157800
162684
190811
218906
248281
170652
167462
160106
185772
200815
204786
221404
162701
164287
168135
230041
179567
205317
208385
217209
236216
246762
174641
207251
199929
200448
159275
169091
226113
232548
184735
192994
220024
244136
160191
173402
193811
199939
210741
178110
184416
223562
159893
186775
193481
209077
239009
191005
221516
227607
231493
172572
182812
187638
189025
209299
220057
229267
233595
241417
247422
155803
172217
207874
223830
186150
202374
227292
236059
171366
195284
236462
241961
242897
176418
178963
182852
187694
194026
200913
214641
218530
247735
189370
191796
163492
197269
198933
248826
191886
202885
207088
189323
238490
246176
198914
197674
236138
158664
179252
193536
198013
208505
233788
175782
199798
205686
223579
224439
246794
219484
155452
184718
205931
211091
212950
227915
157354
163037
180876
185212
193692
195544
210007
224251
230715
235670
244350
192205
166411
184629
210433
221289
242493
199391
231753
168999
176008
203927
208020
202926
214435
175489
241635
174153
173266
210973
226672
245397
204534
209994
183986
202752
171315
239855
157291
234130
239473
244101
219153
166901
159503
241576
246530
228670
165786
175707
182082
189981
159648
178116
242961
203442
243787
176510
181078
230332
222404
179909
167218
215108
180693
192099
237468
161407
215845
187814
203728
170847
174716
211921
159560
197380
179297
187187
247390
185716
228349
208480
188777
223939
244616
237098
198090
234237
173543
162080
164425
172012
167675
214172
205889
220770
232250
164168
247720
171849
214596
190989
214149
194966
220867
242758
161840
169023
194587
218731
234937
178712
200278
204883
224517
214182
166540
186923
217668
245240
159277
186565
217682
177521
192742
190226
246381
200878
244982
223878
171020
213260
241411
162338
169841
232466
197299
201510
203294
197514
190022
176975
179870
241987
215889
169423
201107
206880
218210
236603
246496
179456
194903
240132
244386
166696
199377
168763
191710
223202
182368
187537
235955
179039
183188
241490
230179
200650
201494
205907
207234
187582
195834
202822
217723
232850
236071
183302
177677
157236
178886
179765
211245
184891
178525
195563
216223
223767
171787
182493
213449
222021
226008
232621
241866
242422
248024
156408
157860
172077
175599
195874
198702
206925
221688
233386
235415
167437
174246
175903
184771
189822
191579
214529
218166
219064
224382
238318
199887
243842
215787
230746
177706
163149
162529
230150
168270
181493
165050
173585
209071
202253
227255
183235
183519
234449
229813
192574
209523
205398
195620
248012
189901
198815
169034
213291
191336
203618
191232
217027
222162
180772
206095
186937
185257
189290
205456
190604
211473
178094
230210
231786
164474
224827
203603
228280
229787
234833
225308
231957
231072
158608
237260
243380
210432
213082
231164
186743
226740
246774
211521
214549
219259
225166
187475
196984
199803
220114
160959
187428
192593
185639
160664
213464
246578
229388
198629
243975
161949
191958
215973
163262
178391
155964
191239
207045
195468
162864
201344
221334
243677
157402
163042
164481
180422
187587
188424
197174
221502
223102
246024
190356
191826
204865
240199
174741
222566
212045
227465
235988
244882
169340
200588
156643
161139
185913
166941
163212
181806
167283
234217
176446
233039
160074
240784
194875
247956
155436
208700
174106
178843
165950
180820
216646
210218
205254
179071
203160
205669
225533
229615
164324
178066
185520
188807
216837
223163
230333
197657
188276
180763
236098
233780
156014
223914
238275
167102
239770
230369
208276
233302
186760
163825
200440
207267
177598
178601
223034
231774
245248
163645
180107
227156
172981
182465
197936
230020
191048
227793
193344
187299
232405
185789
219603
172787
185557
201430
190553
243218
170173
233054
236987
208312
216882
238016
204405
248256
165549
237936
188524
204337
243422
247128
179393
168414
227752
203024
207218
239669
158250
174198
196706
208542
228257
243670
202591
205149
216686
219237
160927
178143
190096
192318
194839
156392
160363
246898
163672
246805
164333
243480
244638
185641
194168
203386
240971
158894
221161
175834
185752
205187
233828
241743
173400
158229
160560
180524
166667
206844
220121
242914
169833
168615
200425
166700
167992
177106
178724
180594
197895
225336
234860
242995
244968
248793
176005
217646
156768
216431
186390
181897
190599
239796
183197
186534
217697
240535
223653
222827
188062
189407
157079
163964
164994
189505
200282
224363
244065
170546
186539
225658
187902
196272
213880
221449
233173
167455
242207
164737
196879
211506
170442
214066
236221
162925
200128
199112
198588
200819
213539
170410
157599
234909
237495
247549
172878
188401
235754
224255
195045
203397
239369
243419
180742
213399
237585
159287
232644
233010
189807
244148
245745
158904
161412
200983
204639
215493
213571
213072
170043
178541
192353
157757
212067
173984
189218
190035
165459
220133
182686
229095
244042
234101
235774
240289
184342
181670
227024
208318
225071
237336
239678
237181
235729
197732
191906
186594
236909
232623
191501
156227
184608
194677
228370
196851
168550
179999
183872
203832
190581
221875
207798
208036
204934
206652
226853
248167
185712
187834
191625
202454
238242
242808
181261
187216
199667
204065
224379
232341
218510
233033
230920
224992
226459
155335
246754
164230
182154
197569
245179
161257
175592
177236
201696
244620
241312
199248
224871
199426
158035
241373
163256
239037
157140
176501
199234
246035
210122
231606
217842
242294
166536
228821
240583
195590
219735
231797
181611
222109
244945
186845
205304
242152
156258
215555
189645
227037
183137
207157
221039
232994
236040
178850
238350
192603
194421
194431
183683
196925
211134
230507
185129
221640
157342
181296
204192
219273
243756
219463
220444
228775
165718
190930
205855
216747
213984
245709
175962
242467
218705
246143
191326
168890
227771
195636
239776
187525
203413
224645
194909
234573
156817
240833
204858
159520
179053
207459
213922
241099
163269
191025
174695
182323
189810
211685
194198
171481
236703
166930
234996
223577
203450
181709
224394
168001
207937
193262
198326
205553
209698
237802
240571
234187
240187
248912
238530
226408
179138
229625
242796
212601
210475
210934
229112
233842
180640
226939
239962
208993
247594
222738
211830
220540
242763
215734
166212
199859
230276
159405
175453
177307
211731
215765
221869
224633
227538
229764
237441
178915
192929
221699
193474
234791
241297
227236
158324
234127
215587
188219
191110
219349
159626
200270
217735
206596
213683
234509
242555
164596
221658
177959
207752
210923
227022
162172
164444
168410
178034
187081
197169
212032
183163
213303
217418
241283
164891
167518
167873
171477
232385
235363
159318
168077
191807
193582
195769
198988
208507
222615
235344
239707
246334
246677
213903
232282
180860
165433
176958
177089
201712
201765
208585
225346
238748
220901
221366
164632
167617
228972
166248
231609
234145
245118
248257
167761
170522
173900
177631
179418
196857
201150
208527
219478
158621
205167
223194
240633
225171
239743
166249
175685
161908
169207
183893
197153
214021
221531
222606
238974
243830
222770
216634
228328
207491
246440
217316
191202
210755
199380
202255
201166
224822
229733
233124
173954
187358
216930
240350
165452
163777
174210
223319
237622
177440
180240
216137
224758
175973
227937
198147
234251
236787
162986
177348
211095
213781
220478
230815
240946
242354
187621
159991
237206
165209
177340
212448
248748
181650
158120
191068
200955
225060
239613
248580
183118
171840
189279
191430
226773
234008
167361
171649
179150
187261
216441
165978
165986
229291
235839
202934
181404
195747
197547
209147
210138
167480
182409
196428
165072
230841
249085
187086
199821
243897
194929
246825
192521
178851
225366
183129
158465
178469
175518
220317
227753
197403
196574
178273
209198
210348
217097
221550
227865
172737
187356
213710
244016
207749
226326
165105
186140
227962
201682
223967
221291
186804
174413
205587
220950
224134
224513
229960
223628
194727
202818
215461
159753
192490
160798
172567
180194
209422
166931
200889
243044
156501
172060
188969
220011
227118
156906
187936
195386
241118
157365
163517
163922
248644
189875
213871
221128
161179
209492
177626
157253
176751
190547
196133
244468
186024
205595
175077
176131
194510
208323
210213
240976
216056
219444
157023
162879
169291
186354
192785
196490
225845
227829
229806
231635
170048
159521
192684
236053
246182
168630
167703
176264
202682
171220
169679
193572
216012
248685
165370
178334
228115
230282
190558
240651
169363
186828
206270
208986
246818
247473
194210
203563
236166
180213
237230
183965
163445
171488
158472
163682
180056
184042
184589
187017
215608
238381
167931
185166
185753
226197
162383
228291
221416
167750
197740
180844
186756
227719
182265
190421
210385
175743
188099
213817
220441
203501
184872
165640
213258
173550
207840
219278
237282
158042
174940
225520
235783
238189
189928
190059
207139
164009
234893
235212
246822
180254
159526
198959
211218
228906
231032
224928
192156
222042
245632
183626
225191
229057
240516
248809
187300
238739
229255
237278
234223
211705
184200
185118
198094
198135
201246
219269
218977
159594
192618
193461
185062
233179
200101
176200
170611
178576
171972
191857
205574
227423
247174
248184
176416
159555
164112
193110
220352
194877
160019
226034
157659
184822
207126
246279
187171
197643
203060
162246
197093
203844
221457
221330
161742
214782
209005
215752
216348
217544
233473
246004
236679
241148
244413
235332
184741
238022
156313
167365
216998
222729
236121
244601
213615
209854
201126
196533
236333
216728
172752
184903
222371
205391
213766
221678
167373
188780
199310
245187
245551
245725
206225
209485
182245
235850
248326
193563
205092
158471
230504
183725
192796
175792
164580
180501
177211
238059
176436
186433
166537
220340
233117
242133
163684
196354
199900
245421
205561
239489
178926
224729
228164
194305
179519
163606
241179
185719
208270
221115
224373
158777
221754
242753
216640
233614
206537
162738
168221
162137
227572
239643
172976
231245
173439
175111
189316
240875
215130
221220
242715
230261
159374
172916
177835
167634
229953
179592
233073
245296
158775
211485
173284
214607
236286
180033
200524
238294
182331
196769
194886
194730
188512
220131
240092
217766
240453
228551
157975
188905
230227
172703
200042
196155
229496
173316
233909
158562
185134
195516
228101
204193
213807
227703
211824
166822
216512
241452
209163
238203
190777
213018
202583
228644
233616
158235
204611
164099
249030
167457
233592
217463
240471
244694
183054
205504
155622
161156
175815
181446
211415
223913
232196
161056
232287
199218
157274
245851
248728
161024
161944
166069
188573
198699
213161
217339
229740
248694
196885
199713
197488
159940
246807
161582
177938
189091
214028
225574
247773
156062
201591
248429
221177
221201
224803
228787
239764
201251
219191
227384
158248
246484
184455
181122
202960
198340
211451
184969
202211
159990
160924
164545
195326
223499
157567
168490
170148
187747
220227
166745
185446
219197
223518
225472
226728
236647
226241
175573
212891
184254
216690
167249
180709
205861
182829
194950
216068
219426
236655
177827
239214
164001
189453
173765
158055
157968
184758
207954
213392
226065
247540
220355
228991
161880
179102
190975
224902
201071
213306
220200
161857
216381
235647
210484
158123
178912
204615
209727
211266
222886
225090
197080
194989
176885
182110
163063
169775
238761
214262
245827
189070
200324
191789
185032
196508
160680
245010
166771
209351
227881
230872
213968
174147
192113
207703
211400
178459
225580
158145
226883
175101
208084
235224
161490
192605
199202
236898
245169
161322
228723
247378
238352
162635
201917
245295
177824
156399
209444
221958
207490
219708
241740
188523
196218
161370
182607
188359
204603
214972
191249
179803
161828
166060
227488
179834
157668
190816
216123
234557
223958
232123
183664
192611
243556
180781
196332
171115
215899
242508
215538
158962
190729
196609
176613
236419
177780
196987
227013
171949
173129
174168
204881
207953
228073
249045
172661
193492
205053
206697
215931
235231
174688
182732
212895
220018
166216
182619
210818
192339
207390
183358
195228
214230
221939
226256
240669
171142
227894
200210
230280
208395
195736
166531
182036
190229
238192
243253
183529
188957
190487
244941
194063
230207
242864
189459
163107
220419
239399
178874
196767
158972
191092
184196
157122
208945
210596
235381
245144
172781
186890
240326
158564
169665
169905
175034
180800
186805
207529
212752
239188
241063
194887
227401
237754
245414
248867
224581
241158
156329
227739
179687
222169
196378
225825
157760
160133
210367
242466
245926
236174
167713
184545
224752
229223
194319
241461
163226
181768
187468
214746
221015
205266
194760
243122
244192
234284
212878
168289
179781
201942
177883
247738
234143
163150
238064
206385
235557
175591
223989
171260
242281
218346
232436
183020
176561
246255
205337
219408
172037
189657
205263
174823
176578
192753
245903
172295
201206
162528
188518
166586
155447
223619
237694
165513
193725
216902
198044
206311
174136
165312
245497
192624
215364
156409
198136
171813
220194
225681
236487
181475
226441
220886
247877
183815
234138
178135
238502
213099
222070
236798
157758
164354
180668
189468
245820
164480
191746
201564
231508
208721
247510
185383
224042
167199
189156
156429
165268
244357
158511
174963
176807
181133
184232
186719
171868
212078
217025
223768
216722
234705
239154
160142
175013
181124
182850
211423
221018
230033
235743
244838
222999
156950
165361
165381
196190
206650
235305
170926
162321
165275
232442
241777
228786
223622
206838
188954
223065
190102
226913
177732
204479
181326
181716
228016
180015
190727
187030
227279
157320
155290
162962
183558
186581
217592
245959
203546
178482
193764
246236
216457
217642
192984
195715
171492
248877
218990
222244
247760
171513
197927
203119
217297
236663
205139
247775
181472
186585
192553
198753
204793
206048
211008
225653
226428
189248
221184
241879
200392
229321
191658
213264
235471
158200
197891
220989
248068
164627
165789
166397
200869
201411
178978
208760
233826
233864
235700
161166
176430
179587
194530
201305
224711
206684
212391
226317
239115
243649
185182
196193
158751
197464
162762
164228
172407
195354
200731
214816
215881
244207
227062
220569
233704
191839
158515
197731
195583
229804
241874
157689
168952
174341
229793
156529
176498
180299
218714
156680
157169
170386
175873
185846
192791
193093
199087
203663
217596
218502
220166
226166
231930
238445
165552
169192
183770
222962
183871
187435
166475
172105
180409
193164
197477
212244
238970
163342
169174
201930
202647
214347
206156
173645
168803
199641
222616
239218
165582
195305
156523
224548
173349
220816
209379
159907
185163
189966
229996
181483
230243
232364
189035
242675
186490
245402
172677
173221
184721
208804
220299
196964
203640
233412
216932
195477
225978
249034
175994
224097
157071
224611
246995
219230
243683
245385
174014
194262
222354
233376
168211
235677
241455
182451
212414
161960
197100
202188
233217
221016
180178
248559
236736
191183
194769
202661
213141
230719
240523
165232
215270
163945
186015
164488
217377
169844
177709
201131
222329
179725
187480
209646
156178
180721
201522
241817
207464
208356
229308
156354
175987
200868
230733
234777
238633
238863
227285
195830
158162
231622
159510
201008
156199
181262
239453
199178
206869
215749
234512
230631
230460
190763
183489
238039
183591
247620
168132
197842
165568
167960
202869
225198
213927
219137
201563
218766
162966
157479
175756
180638
192840
193913
194017
203929
219679
197847
235399
177094
166879
186986
161058
183741
185094
169300
197371
246181
185710
191101
204328
168975
202052
157862
209172
209316
175436
181045
185768
195683
201588
224584
236789
220722
243439
247055
206734
159038
202488
172153
185207
188902
193215
231276
176514
185249
206674
210782
209408
225613
239192
179954
245188
236698
233153
198173
228722
247889
240771
246914
248043
159516
199429
212095
244442
177497
213749
184336
242316
209715
196365
164875
208623
225933
160993
184377
216235
167404
168469
195149
211907
218117
166172
185780
242660
175577
206059
172450
186959
226833
180842
172754
184414
181066
173942
233370
168565
159394
188975
175248
201321
241034
192946
199625
209374
178223
215678
230248
234480
163295
183528
169341
172919
207710
212561
219867
224483
157631
202195
229726
215532
158010
157161
230952
223228
241303
242852
196944
216770
226063
246954
177315
212527
211590
239093
196556
206671
181275
215981
169190
167721
182014
190129
222981
195637
230853
220049
204619
226820
204182
208974
222197
244907
168255
200232
193798
209193
226235
234364
168657
182528
244213
176283
179515
181892
231308
206847
224874
245244
172460
205250
216994
229029
229578
232752
237130
237136
237293
243048
199168
201916
193816
201870
228371
241537
229760
237170
241495
216960
231972
165011
205321
217174
188395
203504
194521
217760
159358
173099
169008
201350
222372
201740
206432
233358
164162
212306
208569
193570
174335
163327
195537
219368
226174
186759
225750
234623
212489
237672
203085
159620
243901
176789
185375
200613
162026
228990
243720
155951
188480
189399
193982
197515
240118
240786
244462
231305
242857
183254
237134
156380
166179
179603
207426
247036
245229
233220
224146
240522
180199
236770
191548
202434
217404
246199
206506
190690
157370
163793
196058
199211
244751
195591
211026
157185
158184
210601
231507
182776
171758
243127
166338
239824
231657
163237
245362
236745
190175
225687
228144
174084
203584
209442
221645
163413
179989
185117
232100
207094
157901
199825
229195
199461
245030
169088
209597
168061
199386
216335
240031
233863
164720
194298
236062
240037
177036
180603
166148
247660
213020
220439
190134
155827
167421
218651
243252
242936
217196
177072
185135
180004
229361
157698
174465
189197
217246
170695
176406
182127
193003
215314
241253
163062
169957
196599
189216
178762
211203
233544
194416
206452
239189
222867
171877
173218
191864
230734
234398
163572
166994
161958
244005
209717
230749
247853
198565
204511
189428
239357
172436
200621
159032
165317
175846
179409
229815
227571
165744
220557
228815
229932
239911
243924
176324
160998
205108
221133
225512
171482
177431
189513
193739
178376
194765
242315
245572
236576
193848
245991
218901
162552
163508
180873
194878
160899
229053
177547
242287
181413
190731
245499
224300
187149
233928
194612
205136
240988
196589
188341
205061
212020
216269
219647
245652
244495
194988
192162
221878
176177
208112
228464
207458
196383
230327
182478
215239
247873
168567
195203
236064
184750
215534
194559
207255
218754
238493
210199
208859
198948
200118
176752
185808
178678
245943
157080
195796
175398
173114
167240
203018
166830
171523
242156
208670
165751
243342
205707
182775
164405
248415
214597
185994
220446
162778
198392
180839
171919
212288
195725
178955
176795
241049
190591
186725
240848
244147
176060
239985
225855
228914
236153
192273
209452
168109
187946
190566
230324
234035
178506
249013
215639
218664
155902
174740
178618
187932
205113
215918
216216
191825
217284
190932
234049
169515
179018
203881
165867
228185
157050
236546
247063
179623
229720
173276
200651
220790
230404
225600
177294
184033
190986
206804
207230
230581
247340
176043
195472
195134
211925
248924
235237
184089
184739
205751
212756
236464
222095
207322
228833
182060
214943
193706
214030
202588
217453
182945
199560
211738
215299
169132
214727
179351
239003
158822
201442
241802
247824
202310
205208
231891
206542
179127
230685
194092
197571
186285
156229
215850
222238
226528
227973
247470
155954
158336
247744
179455
210011
226393
189390
241125
227496
171359
224119
196690
202480
192625
216062
161824
192363
172550
184146
184728
193314
213484
215584
184107
244801
195275
210532
248111
179613
195349
187202
189728
193113
236191
157362
179908
220034
238534
243020
245957
159142
173911
183721
186202
214329
189700
217462
218207
243953
235170
239419
247246
248797
159175
169870
246090
238116
165489
167579
182535
194271
206401
224593
242475
161217
183784
204816
203022
164729
226073
232514
239990
247504
181643
182997
243118
169563
239903
240866
173868
203122
243812
222845
210819
232892
231379
216598
227061
209372
242170
205234
217911
177043
231679
176659
190819
218717
164314
196956
184924
155322
184987
241724
187247
186571
215048
182498
183603
184122
221296
222890
246646
222838
223087
205284
163092
223817
225101
247643
161411
199540
206328
238404
236484
166233
200633
221175
248718
164844
207676
233318
170577
173010
185939
199530
199808
229802
235708
248199
166207
185233
176692
211480
221396
197438
173035
210705
234580
243194
198027
161733
235810
177717
239682
241972
202475
235303
175352
206333
211429
175228
222078
225349
225486
234432
157469
246849
170937
174756
199007
179885
216402
214381
155960
163380
164119
186580
203983
169935
198856
202016
201431
245411
188047
188878
186135
193875
183672
198676
213594
181609
159169
200134
201519
224753
172565
186815
210555
238084
187888
185533
189344
193267
195282
206936
223153
223952
230936
160043
163270
165578
201079
227191
248885
201995
163716
173381
198206
168344
171049
187555
192907
211409
219770
243860
155938
158027
169992
208791
236791
182919
173387
176644
179838
190040
214285
245810
178538
207405
184989
196265
198447
202913
207610
207939
214865
219620
228343
232222
233537
165520
163970
200830
206435
238592
195441
217188
243432
169240
236535
204310
231996
206498
162850
229915
239000
163580
187376
181737
201952
218279
235154
221923
219108
155695
168166
201594
226152
235418
226252
233235
243458
193356
246559
166472
162265
220106
212145
177667
204285
240113
174162
209783
196510
187617
229304
163853
245508
195780
197433
162752
221986
246350
199021
192921
208571
205927
214895
243120
172690
238283
196011
194859
247978
186204
204745
209424
155623
215777
220375
235407
242655
178429
208575
209795
165373
211546
211159
174119
203690
230977
230761
246661
167746
215168
159685
180484
162747
178269
193554
224018
232317
233359
194572
225812
167217
187835
245641
217200
222655
175803
205044
224602
186525
244656
236420
206615
204967
228671
232812
211027
186873
208204
159156
184116
202866
201513
191967
159274
200898
191843
229348
213413
159201
165576
187762
191318
240238
222856
162577
224851
247689
203426
184670
196195
205917
173845
189341
199067
155551
177086
190344
233735
248042
224395
186927
231108
199532
160199
192333
194176
188833
172123
165202
178137
210012
238176
173410
174873
191835
196992
216526
218657
234350
234812
223159
236448
211448
224983
238387
228432
158049
175492
171941
208821
174761
181866
182525
208530
175186
159223
156628
165501
180296
185069
155307
180615
181437
193391
220598
169699
246029
170504
227580
219431
201309
156536
188866
203581
219764
224454
225050
225463
225783
235077
243430
236715
183191
201258
220077
215826
186608
231560
199122
212117
181277
169271
216295
208794
162072
171968
200526
216838
187635
190918
172236
220147
213971
233672
169128
182773
192739
168526
190798
162846
237380
236810
162288
248145
182612
226490
210444
165132
183557
191098
192971
199874
232346
246303
156324
182223
185157
202669
235188
238055
241240
160536
195366
227849
238357
246113
176161
189962
190156
197963
233501
176559
156167
159179
182022
226140
230850
234122
242525
243583
245083
245396
245521
183162
188138
159431
238414
171461
208540
215361
217685
233195
237424
238249
218621
191875
203331
218281
159326
175402
207718
166686
241168
211976
213259
165362
171030
206358
211635
161817
198370
157382
161032
180751
210731
237297
235637
212848
216405
168368
207523
214332
201559
241021
240234
198457
215160
220319
226407
174216
178428
222814
194732
187922
220184
196858
155752
155997
246126
187236
182473
201856
204665
224075
187024
155326
179594
243119
222305
200915
206934
211819
235317
185194
218220
248061
202901
196406
206996
222284
191553
202650
231575
201628
199685
167997
186486
196929
226693
188631
230659
186454
210087
217472
197342
159532
206146
241662
237767
204677
248393
227097
241757
167202
186552
188287
216762
166816
208563
155312
161231
219019
238523
176265
225377
191028
218860
241780
225085
202159
244987
207017
156492
212006
246132
174256
245382
221311
240310
168360
166182
245595
215662
185878
206231
178130
209963
165189
233906
183547
171256
183569
241553
230857
178377
219805
208565
246631
165602
170919
168498
196696
223022
225484
246249
214681
221857
166017
235391
180924
242533
242793
174534
182026
207522
226827
228984
169748
218123
170984
163093
214012
216564
201144
212873
182534
155372
231029
167965
208110
204123
193486
228921
201672
204443
189574
187878
221395
195319
242159
162709
206903
239622
166503
191147
204019
158422
213834
243803
166357
167582
169101
229399
231967
240448
160010
174477
237114
237651
200409
170213
229295
203312
219837
155948
164922
160445
179805
180255
198806
214029
238276
177155
205554
227192
243492
247961
228320
160157
203942
233602
155353
164643
183324
183968
155646
167350
224764
180171
185510
237417
205837
198892
166352
160853
178322
199212
212057
212850
221877
200695
167298
192083
157950
165589
169803
177222
181415
195525
199293
222482
176111
194171
214460
200999
164883
185384
237469
226535
173060
156018
222571
214006
156214
232528
220625
201116
218827
231706
208122
168293
247963
159075
226669
229597
198343
204336
209239
186596
191438
174026
188387
241665
197572
163858
225972
228810
172702
226457
194165
195323
232192
156099
156741
208502
223141
229791
243382
165265
187880
210983
240280
213733
186350
197369
184651
229774
247794
173407
188008
185965
188252
215718
236843
163883
222686
175811
233572
196310
177777
182650
208831
175341
201671
161444
164458
243279
178270
236075
212688
234807
157294
186004
245981
170297
188467
203175
229974
220118
189535
242902
191776
247521
157458
171447
191391
222281
218277
222137
212487
225536
234826
237200
207557
245938
226255
196420
210939
247993
232613
206193
206265
248945
173079
162562
173268
224217
232527
213095
168642
218528
228946
155712
165135
238487
195202
212031
218564
235104
174327
161839
242204
186132
187778
223796
159540
235352
185473
206458
178710
223480
203803
156932
185425
238985
195851
186279
225639
227957
205218
164427
195064
174264
206235
227193
175842
200094
208641
240189
186953
204450
188716
232410
202286
187748
230816
159460
212493
167793
191627
161796
158256
201923
220195
180982
180864
242468
236921
159785
190070
175279
239558
183206
230322
240102
247637
241248
197316
202343
178189
189915
195672
199446
219256
239838
248653
191405
223643
230793
237869
180837
235890
237653
234308
181553
181337
212677
171909
164282
236742
243568
204090
156994
230379
162029
213745
215560
223121
214824
167039
170707
157136
219957
159661
181918
197580
209035
164261
170754
193830
164645
221781
198492
189295
211916
207180
241006
163988
227205
247945
233354
241826
236831
177830
209658
163525
187732
181630
193804
220862
188746
193605
198277
156516
194959
237581
164292
238958
189788
223596
247560
175762
200723
239373
163344
241129
221682
187104
159703
176862
233284
236578
225094
165581
231653
169345
210887
240990
208066
226159
186491
179788
207519
231012
237549
200370
165251
189414
200923
215387
246601
210482
216591
216812
221117
193799
197889
199506
239986
244655
196963
200910
158388
210159
212708
242883
245223
174235
189902
234399
242233
208241
217878
159352
164716
227620
243912
168751
177686
221593
161871
193059
217834
242364
174957
231593
157615
157987
204672
237722
174602
180703
219062
183256
158399
194590
245541
186073
189132
158139
173487
236012
207231
178059
218017
186399
184604
203267
217567
176163
163978
159248
176139
234911
184261
237849
243316
187986
193729
167067
171639
175920
179337
240801
172903
179507
216766
221347
222895
229912
246493
191423
158537
184700
167044
203481
222471
242303
170056
175458
181202
194884
248893
218323
222574
171467
158961
177206
226101
188536
179790
155916
161916
163044
190926
235051
240700
159592
227944
177205
240245
168995
196033
197606
218732
230112
238818
244058
163881
214861
176048
230926
166768
185986
197308
185578
248746
181091
181383
177023
196888
207575
211982
214555
156361
162516
183494
247750
236669
202963
193238
156394
228504
156056
196168
224572
239667
182497
202432
230672
219989
157399
183211
175191
217278
158018
229693
245300
182012
160423
243061
188635
202231
242149
248577
195287
202779
207083
237660
236309
240371
219088
177968
195398
198409
241865
158379
155291
156031
247045
160522
162502
213184
237650
245996
241775
244359
181204
204422
200575
244310
169944
175103
197436
207064
166300
234603
173371
202580
172830
203502
222165
195787
157670
158190
185910
236991
180249
199998
169477
185919
186383
196210
215372
240045
158079
238965
171278
172121
181920
207187
217161
227641
236493
189530
212248
174807
202858
230803
245609
198586
227447
239234
171444
217636
167719
240049
211169
194146
221701
204780
219405
234745
247401
160365
165873
198946
213936
239840
244799
209455
194033
173968
246008
213152
219327
168897
161991
160123
159002
189904
235851
174582
219879
181940
193827
199105
203637
231950
245194
172130
156855
218405
156123
178517
156463
184829
190098
173443
179530
166957
189251
195073
205589
238679
162905
177181
199563
203045
206603
161519
238419
239659
228364
238173
248312
158729
217165
231842
230892
184518
168692
182576
199281
215907
220374
228545
238801
246428
202776
227197
174701
211739
221729
193785
175698
167368
207640
231655
220526
171357
163942
216184
218480
176057
192697
199115
179057
184970
228160
239890
213872
173393
178001
233045
214879
162070
221186
187373
201323
238836
167560
196494
216861
234516
176441
233186
188352
171480
172619
157652
158973
170085
177193
220512
231937
247902
172038
241249
246158
248009
206126
178780
219923
177254
229753
160028
191632
170832
190610
209280
242513
242910
227490
239819
192078
200644
236037
219081
237776
180024
212187
187446
239612
201465
248784
234271
239744
161320
211316
172101
157049
173203
183388
222805
208042
224868
203011
236035
240697
164124
176604
200452
209002
210597
218908
220222
230974
242219
185871
187162
232626
163002
186688
169289
218740
234488
229605
225543
210886
164533
186385
166138
197134
219853
225568
204281
204204
210228
225792
183673
190305
227396
239629
226666
198291
245418
190228
237032
206699
182236
203236
241485
190289
246816
162979
179635
180617
163073
163656
166442
191379
198225
247477
175991
231839
248192
202469
215763
213853
208487
242503
203754
166715
172647
224512
161092
197659
227779
237223
159073
226055
248591
194434
183695
160743
201859
212796
217221
244406
211214
184986
218971
209634
213374
219998
234855
180728
226799
237609
240724
213945
167389
212252
176815
198301
232664
236110
190896
192071
203428
224380
236913
188056
210031
181545
208315
209860
162500
240023
229838
167119
240493
204074
206001
160978
170786
233974
158584
203835
225182
238262
190627
231294
180714
180405
160110
168448
155405
199126
181934
215551
187845
194276
178032
219214
208732
175730
237059
237456
183430
171550
203180
211226
174031
187534
242446
190423
215726
191707
244748
221586
155548
200203
219628
169540
223025
167206
158302
207379
160642
235133
212776
232320
158947
197430
219824
201317
212982
191210
235043
164679
245538
159267
176748
246073
166838
222101
236453
237322
229252
207385
196560
196578
203302
200173
220363
244097
233327
203082
161640
176220
184726
236334
159083
220565
176928
229262
224079
204274
213301
197767
202785
203026
160766
230034
162059
242031
196268
189605
174124
160009
189089
206312
212868
219481
181478
169163
219992
221856
228564
226922
196235
197616
233210
187208
233946
204670
211875
191093
213203
230209
242874
162189
169764
206801
225213
172111
160835
202683
183911
193033
206461
245762
179604
225476
249061
246391
227434
229132
241333
241188
183462
207164
168560
187681
168356
170660
239562
169876
248255
172031
229385
157874
244287
213801
244444
193561
180534
191649
181927
158705
162893
239401
161472
184690
168234
211774
244040
247126
158647
161756
180419
241507
218850
246976
209710
242920
207859
243856
199398
239912
204853
180209
195373
234763
232578
155591
159699
156566
217658
233916
158007
190592
242032
182523
178718
159556
241664
181276
192467
246027
235861
197141
176175
217238
233689
190568
163743
186909
192010
174440
212636
210632
165995
241549
241658
165458
191876
197551
200193
182393
165167
182063
194987
183481
165922
167633
183949
248495
168968
185270
177316
178610
184889
207436
240096
179852
183473
185608
230344
209445
207174
233381
158667
163598
186161
244061
246009
167800
175778
199671
198149
208647
171013
208226
228391
179441
205352
174742
175477
199577
161164
168850
220681
172833
230649
248906
158853
175596
179467
228219
239060
202406
171355
158818
159793
187099
185703
170455
245610
160448
193721
196962
248563
176409
162854
173188
196846
173917
192975
194288
227868
241387
160840
223172
178225
156064
231250
201235
156895
175574
202545
236083
248170
223498
245018
171604
228254
244204
211694
189201
236858
209080
199177
225016
185011
204138
242237
173459
179743
184258
207245
180343
182532
225922
231857
196545
241339
244556
182484
195739
174725
211073
213129
216950
234980
169155
178117
243848
232338
188354
167584
175011
201153
178186
218318
227297
158216
210310
215066
219417
238646
164410
167945
186930
248666
169418
178669
228819
224747
228825
243825
185462
196913
225561
245441
216122
225967
169319
155514
170716
227440
211729
188889
179611
201601
200522
237981
244977
223994
222018
226124
181641
220667
220176
239759
245047
155849
193685
193973
166495
231385
243954
162834
182710
218929
220409
225634
237632
244902
246612
203235
169516
229228
192295
202089
220392
168424
196916
211253
201940
164648
174795
189548
207067
220659
235959
236329
186453
212060
220053
247020
164742
166271
215391
240328
224744
161221
184004
189363
190962
207189
238284
174990
206829
223748
171636
161172
221950
211680
218648
220974
174679
169095
246256
175389
231133
247374
239085
157127
219038
202345
213482
159322
170692
169399
239119
226719
173548
221340
226003
232751
232941
248101
237896
185840
192246
200352
209434
196394
166914
182458
213263
237271
222338
238424
182654
206706
190492
228313
236092
175739
177337
178370
195087
235958
213242
185522
216987
168869
177573
193449
199104
163462
167354
176276
171966
210489
168808
208117
180509
232045
179414
202634
216858
207348
172492
159643
240083
165252
205836
223138
243351
209346
218201
222555
248870
230304
220253
229317
170080
175734
160204
160996
225497
243039
245635
218602
226650
191120
197813
199209
209123
176266
192169
246881
228699
184165
189061
188896
198568
157251
227887
216144
216312
185604
206776
208479
156039
188790
201716
218499
246332
170231
247768
186812
230714
237560
170756
170058
243301
237080
174356
180894
189607
201943
226345
238054
164238
236302
189940
225661
238408
164215
224657
228973
162407
169093
189385
155815
228037
207228
159998
173299
248526
198160
240150
195893
217616
169795
190621
193607
223403
237697
210093
157762
160749
164768
221580
167534
239213
159235
220612
170261
172645
161613
200563
160753
178865
237242
155608
176739
198488
243033
213315
162330
210748
158364
223155
213552
158129
210121
227810
241551
170236
223032
187381
169894
215894
190107
202115
221365
223911
199237
232642
166473
206822
212522
201293
235702
181258
188052
186119
185831
247711
221756
226601
171558
178607
219951
178234
207774
168200
230442
172788
190489
206329
223557
213641
228864
203535
165665
171229
243539
238610
173736
243273
246932
209029
224948
170536
184680
217254
179184
189746
248815
191945
229042
245289
230299
182889
196032
194376
229610
228960
170850
199493
169789
247399
171796
233082
233936
185877
201784
232593
244513
201869
155572
178208
194150
209797
232690
225510
205161
170279
171543
175665
178831
180257
229107
234514
247702
169529
237505
169071
185833
209128
237149
190126
203166
236643
239954
168992
171548
214717
178252
214429
233975
239252
239423
181672
173462
223552
197171
236352
197312
162391
215897
165806
169662
178585
185245
220197
244373
175405
231046
216467
218900
181117
189041
243466
158171
187167
205592
210528
159866
196677
246373
248143
238906
185398
165129
199444
186588
207397
169896
188762
209578
187720
201222
244156
205472
247258
201660
177461
177669
186324
207509
241330
234128
220088
163396
213455
188474
236683
201265
187521
217793
191286
202851
228474
163463
235992
155493
237452
213439
219067
237845
213796
182013
184005
235136
197507
169542
174158
209403
184018
234764
227203
155520
220519
221817
176714
217488
238524
164713
206682
223524
157394
166133
218364
184526
159055
245564
158282
193417
206140
209751
205475
202841
164941
234916
200484
248328
215586
184153
233493
192168
217408
247144
166557
190270
242050
204459
179978
231412
235411
172764
198614
190050
231766
182322
209968
228099
213960
242523
212180
189616
211100
192209
240281
208907
187671
176087
183549
190319
221244
232494
164554
202694
219746
204837
177163
168522
181878
201873
176920
182639
158846
201581
246732
169738
187205
218294
188177
227629
199951
192583
157720
203478
210548
233003
230828
237716
204791
245546
159546
163337
211421
218549
196493
189635
226390
227814
235737
195169
213417
171800
185028
156166
243304
248344
248664
172900
197089
205703
239702
238841
222613
202326
186111
207375
173553
203914
200476
232185
211684
211825
218129
228179
175942
182379
197624
202874
213459
234085
215096
169866
247792
163160
171197
215588
161545
171044
225740
210726
237662
248621
155545
180261
225259
197275
245313
226563
208062
155870
203994
219053
189300
230691
224482
241582
164925
171034
162765
212138
217389
219566
230047
248943
196161
215455
201913
192228
182260
182966
243393
220615
162523
203778
170855
179401
182716
191350
175746
202947
169812
227856
189394
187691
179256
205333
177948
210636
201614
217512
213626
229146
192024
205301
159982
179912
225309
219535
157279
210023
159874
199661
206601
202746
205103
171459
161759
225525
234029
243282
248775
177664
230663
187380
191037
156636
198416
203457
239699
212920
199999
198271
223904
245978
181108
221382
222823
202740
220304
199703
174172
227166
245212
163969
208000
164776
195952
217531
207736
226623
182448
236295
248518
161920
186240
167964
241130
161888
226887
183312
234997
193280
163350
193436
208229
214108
228075
199463
203233
171425
156584
178121
241109
232374
225880
167524
171378
242138
219058
218813
189315
200512
223584
175995
182400
174735
176531
222894
243468
225283
182907
189710
248420
171527
214637
159292
205063
161573
201935
224149
187575
238287
239143
175799
178156
224838
156277
195733
190991
162537
158738
218644
186089
217883
220641
188303
173428
242314
205566
179665
187627
191756
196437
193388
212491
230323
197760
215042
223515
229422
161045
166985
193717
180398
180443
208982
237010
229492
185781
200436
219396
209187
213546
248166
220174
191679
235577
178671
206584
186485
242531
210534
176539
205400
241170
240396
204608
244511
219999
231049
218446
234994
227083
244665
206307
193514
221326
222792
171645
237197
222495
227027
166928
191490
221197
240260
162227
193177
243496
238609
231809
175427
241122
190410
171648
169397
192060
219885
220383
162159
232083
233510
241251
210317
237008
239020
191439
220296
245588
171680
183720
208277
196370
206075
178087
193967
194389
202498
180099
160955
174275
216670
187722
233424
172128
184617
174737
186834
159166
160102
217425
239439
240007
179933
220254
245486
186742
208872
212565
155801
175282
203688
230941
245576
195027
234362
160045
184558
199420
183073
240332
190737
202649
231669
212593
172390
194044
204527
215594
184567
218267
214838
241927
240513
176881
166579
207580
170810
176112
179074
159456
159487
157834
201404
232740
243312
180079
201832
202623
162175
198446
178844
233051
236815
237588
186465
204132
223132
204515
204180
214576
246610
193357
182738
241414
183221
193349
170648
231835
227330
213947
181464
208533
164069
175716
194479
246651
159944
232015
241965
208665
243674
206004
170761
206625
222640
223470
227478
231461
248209
176844
233072
236171
223268
163733
209556
184634
233930
171994
172685
205859
214159
244930
179136
204068
236378
200142
205178
235477
219281
211865
228852
166858
215754
179438
186338
223637
232969
162507
217492
236157
233276
182008
247518
192279
161269
177013
190324
222121
169672
176262
234106
234072
238563
184793
201904
238041
233169
231546
189266
177577
234608
156737
202956
208680
236711
208411
210640
169537
237262
197325
221162
212998
185708
213158
159399
165100
233347
159659
182814
190612
188711
210173
234975
175447
198682
224361
187798
165933
206159
234815
247181
212367
248617
175692
171400
203920
215779
228884
182161
242245
207062
220668
155717
206118
216666
249107
189510
207233
210977
181086
235356
191321
201700
204471
162827
188225
176045
204159
209447
230943
174472
173176
226420
180814
243880
212981
165238
195119
234474
191569
246032
215877
224815
237213
247303
247710
249121
200272
207282
239319
237557
205893
176292
203620
198099
223469
167333
213371
202946
227018
222396
165510
156854
219144
226712
179183
190109
216352
221534
191075
179091
223236
160942
246284
187270
195428
181013
212548
239276
197050
212803
190177
200334
179340
210081
187538
205367
166389
226435
236709
157889
224801
202225
155362
236877
237551
239887
239174
200320
223425
196978
217855
225731
192185
181850
204815
233550
240477
199364
221739
210183
231921
231430
207237
227416
243319
247034
169907
168783
248465
208898
239944
164673
221433
179344
241617
232671
201384
217202
222192
210386
239272
205678
207023
176182
170685
207552
236093
167765
171952
236108
165971
161512
163610
187053
218694
168074
190868
205083
208561
230599
239205
229980
169257
185972
166566
171491
195256
232877
237112
221314
229412
232032
214035
166706
185149
234904
163470
184283
162677
226881
240106
175539
200747
186663
175721
201281
220308
207729
241521
233252
235968
195062
213840
198440
244688
172664
160898
192127
158802
181585
195300
213247
171727
223853
190243
200202
183441
165037
241372
186214
165931
209720
236173
243651
162839
228172
163659
236513
184413
204252
214670
221792
195408
216153
156581
220555
241252
215380
228978
240654
176905
162563
234037
199277
233558
243680
196073
212154
161670
158160
213933
214067
197716
217813
170624
244319
171078
178472
173488
195212
204867
211520
224665
190168
196990
204617
208644
236237
239988
158188
232727
236056
163844
184480
177761
201732
222630
219236
247859
239763
196004
174310
211513
157350
181756
205055
223320
237086
195049
191002
240426
220398
192307
163086
190104
210022
170881
189865
209877
159819
197196
208776
160565
247317
160463
248171
231539
172073
223845
171364
240828
236172
245675
181710
221153
175509
166893
225124
229298
162749
227433
245619
237671
190208
164342
249028
178544
158242
205762
209430
245763
158175
247092
193576
207210
166111
246861
160823
169660
227984
155684
233205
198475
247164
212804
169712
190488
163814
203943
231570
236213
242693
241437
180956
185387
178772
217436
168149
248258
157841
207019
218109
191530
236551
244904
158064
172219
183372
185947
191041
205159
164690
187829
228487
193567
225742
227728
159476
164173
167250
213218
198755
197428
185993
158945
219238
245104
187619
229869
176702
203552
247175
243891
175894
194259
204817
243606
245487
248318
202304
217632
169987
182934
230429
243990
208337
227218
159790
236975
158202
183651
210152
224156
202227
247898
167185
191650
184703
225505
177566
189661
233172
195529
239238
242769
201863
241305
170621
237745
212901
242546
248922
165328
159667
200001
207655
173061
215281
190613
234429
162032
208818
167022
162541
215068
215406
201491
167140
174445
245902
247674
231017
242181
237595
199603
188409
225556
217643
233791
200408
241259
202049
156416
160704
203596
186340
166367
171828
221847
245493
161078
185247
186327
218645
222903
223696
198396
200803
202482
209781
214929
223293
216569
213609
175275
182115
187970
189816
206380
194253
225129
167621
166491
163051
236400
181863
166036
178045
192182
160381
174333
236125
186278
233234
202179
210283
243947
211749
220284
219646
170069
199753
200258
230114
173802
209159
184938
185193
234841
177198
190608
195094
159230
187873
200871
162081
241545
174527
185472
198390
188980
167094
211200
184810
206246
230226
245818
158696
161615
184991
156775
158552
240180
157690
214016
209671
185709
234546
176599
191862
156679
244394
155914
247199
243190
212734
224536
198927
217413
198375
189724
225151
239996
246416
226356
197884
201941
188497
199491
175056
215426
187285
205270
208202
241237
161910
192058
221632
164943
157521
173948
166348
168492
214907
194377
207182
239706
207990
177582
164535
212128
214802
203797
220652
168825
199483
218712
242778
232903
185832
222116
177571
203300
204827
160575
186003
162782
229173
179951
177115
199719
206559
207240
232940
160092
220368
159412
222020
161294
164786
187960
189600
201738
198854
212376
218097
197425
208302
155338
183887
217367
160935
207690
245199
218538
187975
160248
166458
185962
166772
224127
180972
247406
186021
223303
233094
185563
218037
175681
245795
192265
210049
170216
187607
217619
216237
221689
173143
181521
210735
217212
205283
234213
246115
159682
233937
163987
211888
159063
205892
232302
199828
223525
214758
216020
177512
170038
230294
228658
209559
180359
173690
226229
192806
248645
172041
228721
194223
186228
207720
231726
155368
222669
171032
179425
238125
169608
219875
238344
176101
207427
214881
165130
181781
188867
209531
222289
209478
235031
172070
218701
223348
226686
164837
230478
207770
223825
230104
236564
209213
190746
203670
211380
221251
210606
215767
218307
166748
222930
240298
216929
226658
237443
211855
240302
244687
225899
173915
192057
173739
161654
172987
173826
178275
166758
179960
210614
226940
162116
156223
155740
159466
156600
231674
218393
175292
157979
164937
194067
161983
181947
247551
184936
225320
224089
221931
211343
236347
183579
228638
193006
159610
171785
176596
178187
163551
160589
230843
209397
169378
203179
157597
158555
169193
214503
161626
248720
247952
189597
197496
167516
230573
198439
227373
206672
173627
184601
205849
185695
230774
198983
248942
232071
227095
224172
160390
167411
226741
214298
244492
192756
195069
218999
164141
244305
182807
216534
213109
247302
181520
202377
222728
203152
200905
233290
175926
224040
159319
203013
226204
245761
229137
177575
200114
160434
224093
224979
204857
223762
240439
174559
196601
208751
232404
176126
245773
168306
173296
220360
230303
188005
245484
177045
178562
174712
231796
248661
175969
242405
167419
186184
240022
228728
193120
184553
178634
157601
187640
216782
215553
244928
163602
217231
229845
246748
174848
165904
204799
192033
164787
197188
198241
201474
194071
224417
194366
195602
243850
233447
228471
241371
200438
213558
159345
170095
239365
170100
219044
169627
187072
215719
218619
245581
166235
182293
179559
241885
200791
232291
200158
223718
171792
203880
230783
245846
248589
238977
239053
200064
170547
208021
214163
243135
248335
227900
162250
219311
200439
238993
236408
187117
246654
173209
191059
195576
211575
241517
169209
210461
239566
196777
245157
231101
215240
233568
222167
206557
188802
196892
210221
218819
231360
233535
194870
237025
179686
216484
230180
184600
163533
216000
195383
215644
226843
207059
241397
182109
170393
192492
231331
161630
181573
190053
203811
184459
237642
234929
161540
174169
217239
238937
209132
211696
163691
191723
194080
204988
222391
223829
228911
244885
194945
160310
201834
234750
197922
238967
213774
171166
220523
184006
232062
157903
202114
233365
206323
206958
208930
195714
196501
192304
242037
244264
200346
241161
236094
226324
194439
212960
246737
188767
200637
241833
217654
226247
164401
247367
184742
224472
217885
191645
168487
175971
232221
183076
207007
213105
216653
169272
176511
228502
182402
186127
167423
229286
218544
155978
156359
239382
187253
206687
158843
224099
214306
171311
203696
167055
231566
160198
163779
155420
191559
236893
226660
167363
187046
242288
247460
204303
234318
192436
182866
238672
232985
203325
187789
241354
235166
246979
238026
236177
161755
198972
159081
218024
238846
205207
212690
212664
233606
238768
187535
187853
197143
168978
247968
172469
178628
240773
209695
215041
159760
211803
201823
197595
170250
173255
187172
238340
176906
247439
173056
185755
231286
158530
197980
199779
215385
179310
190323
166378
187981
197710
212353
157233
181793
202673
167557
168493
209929
197260
198030
232198
205212
225326
223954
224704
227575
163896
172906
200373
224308
182131
231362
192592
202008
157442
191356
207732
197800
229562
245198
187283
216554
160886
180520
219031
248734
162416
173480
207739
226790
192202
197970
181050
165051
215875
232289
231983
162168
189563
227654
159739
156527
220082
194579
217023
237090
195367
205649
176910
198532
218703
230384
233901
168785
219265
200641
206788
215742
239284
214486
230998
171096
191518
232768
163576
228392
231077
236388
159745
198617
224174
234293
161846
179153
174838
226864
209632
180861
176886
217346
224550
246247
163197
217677
167460
184886
237427
181567
238580
216779
180980
214345
183845
168395
167979
240127
198610
213452
191288
199158
247395
242768
225184
204805
166155
211838
215971
222883
208243
225459
192472
182620
185447
196034
231082
158707
219952
225257
234352
172271
192904
185020
205399
190247
207288
163191
206239
197832
164255
210608
223961
205014
155584
210144
180051
198697
202664
171414
200208
219054
162339
196954
202165
186639
207455
228301
163252
235574
156137
198904
162153
155842
202988
227968
245863
222747
245831
220005
223680
241700
187151
200713
227063
173552
235225
156571
183404
183860
238594
184402
186524
168434
214930
195551
167392
185971
176235
212402
158711
240145
200402
244924
184231
155363
241027
213416
222194
203796
172442
221303
156066
208667
168097
235327
222008
185559
164497
214334
240675
217951
170423
220829
211962
184276
247376
170516
180028
197763
182717
191771
198201
244985
167018
232730
172638
239289
199500
179957
190623
168453
178456
223385
237415
182623
196745
191419
204163
181504
229755
208083
241513
198284
226610
242527
163708
238458
161787
220809
160871
190353
196898
165064
227986
188786
212532
183732
238814
164949
210803
218090
179994
168816
211036
208353
223655
247678
236158
243709
238497
242423
174593
199690
239573
215815
232330
245205
177427
205123
156291
219308
222529
216848
159780
168892
202917
234700
238279
181224
189660
233935
191104
200485
200541
230898
194363
211445
155444
164220
236650
221312
217820
163217
208783
225385
209501
160041
159649
213965
166218
215920
176189
193814
220683
182937
201605
164064
199594
206191
231241
170590
176136
228387
158086
246424
194229
169890
207941
229843
221557
217606
183432
183992
248225
176072
157897
185495
201505
210804
159801
162530
225322
164442
186463
238575
198576
242046
239508
241748
181571
229447
247139
160592
188221
205614
170449
201106
194753
214842
171746
175394
201124
226031
185581
242142
174280
206478
244198
220794
201202
219796
168007
202777
247595
245755
248352
221206
176366
244448
228803
247386
234045
217751
237440
193565
166275
188369
191268
208023
211195
185240
186387
161447
158177
248978
227863
161382
216977
198169
210982
241822
194821
228802
206256
239297
195337
202243
189205
230089
182065
243745
176738
218204
174318
200733
235544
175439
176651
248491
196635
172790
235927
164000
208007
162082
222343
225413
212518
235279
241996
241778
194529
174935
221727
223376
236364
172890
199645
165000
236305
223011
160632
246943
160612
228116
232407
232853
196029
225098
174938
195533
236639
168871
173784
180670
193736
163936
183570
223791
191397
211260
202370
210371
230195
178155
169198
246339
192052
201808
237429
225404
226279
207093
205062
211385
229055
209605
202113
201835
229554
225148
226678
162245
185470
205772
221535
164611
228286
219965
168423
228269
232435
172915
246408
249017
164811
205262
230625
191378
207486
202466
158618
189313
217071
228376
192951
203077
206153
189108
222961
236318
239361
239379
169484
234366
183922
187043
190412
236768
188373
190267
236168
190781
205790
222526
176521
167884
211454
194460
159740
239820
196856
160332
211305
241604
246659
194648
167209
160067
185637
246306
171757
233397
195536
193502
174923
208250
196703
248194
214978
234080
157538
214097
243215
229701
230651
238060
194678
248608
210589
228674
227286
215011
168786
204701
155316
185494
248206
164762
181700
242292
208493
231437
221886
177961
235965
166403
194656
173517
234125
237966
205783
220218
236025
174784
180188
229758
236099
240885
246642
176245
175605
195540
175284
227901
172932
176151
184921
196358
157502
158872
212008
159528
184102
214146
224620
223479
229634
187504
209767
234912
201217
247222
187536
207754
242650
210582
189669
202170
170153
237396
179570
168675
246224
209019
224287
223615
218437
235857
161355
180643
240611
248916
217002
215111
230818
201715
165800
211961
225931
218685
200293
164975
185241
166669
180138
243929
176948
230760
245171
168250
178988
240110
178627
219562
166231
241845
186567
188262
169147
187797
193543
215225
201846
237348
221196
158292
174986
242743
218962
209048
241734
176439
160956
227662
241184
182594
233159
218628
230078
173902
218616
226822
241928
226721
202678
248486
184830
187659
210683
211004
223737
170092
197682
159454
204197
158225
213493
170245
176355
165013
224337
181196
239409
192942
214489
181525
208364
210478
232867
233349
174845
155403
179347
168307
207773
232332
215172
197661
200220
213470
227169
193425
240576
176192
187862
194206
239591
207216
155533
175173
232587
242845
160859
208963
180794
182096
190557
228052
242642
246324
227673
174947
198797
184076
189452
173038
156475
172072
170736
173328
167215
167346
233772
166304
228870
177941
200995
155414
238011
229129
242682
231081
173852
229543
208079
187296
181808
195092
200271
218985
162316
185519
228085
168878
242985
161786
224613
158280
210919
183559
169994
182892
240731
223395
189804
210185
211388
244322
177880
183315
220135
248067
199402
203460
235902
189481
202363
161290
178501
229076
208981
235734
179270
183648
229993
231647
215465
156703
171652
175703
211502
179097
201086
168971
247977
181168
175999
229631
175342
187100
205373
234693
248764
215958
178180
179219
228146
200765
209106
201515
170905
208207
177687
173338
203638
172706
191425
173865
179135
216240
204553
206000
230930
179653
204802
220044
238545
173723
214085
234819
230277
172630
231175
163448
206286
226047
216811
171380
219468
165728
184320
220016
190371
161065
229889
211706
243426
198008
199877
227992
160909
174170
238541
194323
168580
247017
211796
189888
239806
232710
227137
192656
236774
238244
184720
195973
177266
209562
204464
214160
235519
210394
164018
191524
227512
194191
185997
184394
214703
229229
241318
169903
170731
193008
234579
170112
155306
167089
247158
232559
237563
197344
196738
198481
195204
215141
199472
161302
237363
242979
197279
202459
181010
223523
171282
169831
211974
235523
174982
207086
215507
208339
238853
168558
173880
166790
184569
220489
158796
178183
231000
210775
188708
206236
195430
225015
220017
164219
172825
161035
168459
196180
212810
180158
200100
195391
218892
177763
195042
213046
206424
162748
222004
165173
162341
197102
198111
236915
168849
232313
236613
177733
188701
216507
226232
210272
244699
207035
166935
186851
223286
171692
217392
208136
230628
168895
232163
225570
230177
161604
212869
164132
204557
157299
228010
229219
225296
224215
234082
240822
185692
168328
193867
170448
223687
